000007
000017
000019
000028
000032
000033
000034
000035
000041
000044
000045
000052
000061
000063
000067
000078
000079
000088
000092
000093
000104
000109
000111
000116
000121
000123
000139
000141
000145
000150
000154
000162
000178
000190
000195
000199
000206
000213
000215
000216
000222
000223
000231
000239
000242
000246
000257
000259
000261
000264
000269
000273
000274
000277
000278
000279
000280
000289
000307
000314
000320
000321
000330
000333
000337
000340
000341
000342
000346
000350
000353
000374
000376
000381
000385
000390
000400
000403
000404
000406
000408
000415
000418
000426
000427
000433
000443
000445
000448
000457
000459
000463
000473
000476
000481
000483
000484
000486
000496
000502
000504
000505
000515
000524
000534
000535
000540
000542
000546
000547
000550
000555
000564
000568
000571
000579
000580
000586
000592
000597
000598
000601
000605
000606
000612
000614
000615
000634
000636
000640
000644
000646
000647
000655
000657
000661
000662
000665
000671
000672
000674
000680
000684
000697
000699
000703
000709
000714
000717
000719
000720
000732
000735
000739
000744
000745
000750
000762
000773
000774
000784
000789
000792
000799
000815
000817
000832
000840
000842
000843
000848
000852
000854
000856
000862
000874
000875
000881
000889
000890
000899
000903
000908
000918
000920
000921
000924
000928
000930
000934
000936
000943
000949
000950
000952
000957
000959
000962
000965
000967
000968
000970
000975
000985
000990
000993
000995
000997
001005
001007
001008
001009
001010
001012
001016
001020
001026
001031
001033
001037
001057
001058
001061
001064
001070
001072
001079
001085
001094
001098
001112
001115
001122
001124
001131
001135
001139
001143
001144
001151
001158
001159
001174
001184
001186
001195
001199
001204
001210
001214
001217
001218
001222
001226
001233
001241
001249
001250
001255
001256
001262
001273
001274
001275
001277
001280
001282
001288
001295
001308
001313
001314
001318
001319
001321
001322
001325
001331
001335
001338
001350
001353
001356
001361
001371
001377
001380
001384
001397
001405
001406
001410
001417
001419
001421
001432
001436
001439
001440
001447
001452
001457
001462
001470
001471
001478
001482
001484
001497
001500
001506
001514
001517
001522
001524
001526
001538
001541
001549
001551
001557
001558
001568
001574
001577
001580
001583
001587
001600
001601
001605
001611
001613
001632
001634
001644
001645
001646
001662
001673
001674
001675
001679
001680
001688
001696
001697
001709
001710
001711
001718
001722
001723
001726
001728
001734
001735
001736
001742
001752
001758
001770
001779
001785
001786
001788
001796
001800
001802
001805
001813
001819
001828
001835
001838
001840
001841
001846
001848
001852
001855
001859
001866
001868
001874
001876
001885
001886
001889
001901
001908
001909
001913
001921
001923
001925
001927
001930
001933
001934
001935
001936
001937
001946
001959
001961
001965
001971
001982
001984
001985
001995
001999
002004
002029
002033
002034
002041
002042
002044
002046
002051
002052
002056
002058
002064
002066
002071
002078
002080
002086
002089
002091
002092
002094
002096
002113
002119
002121
002127
002135
002149
002157
002164
002183
002184
002185
002200
002215
002223
002228
002231
002246
002267
002269
002273
002274
002275
002283
002289
002290
002298
002300
002303
002306
002310
002326
002328
002330
002331
002334
002349
002353
002368
002370
002374
002379
002380
002382
002386
002390
002393
002397
002409
002420
002425
002428
002429
002434
002436
002451
002452
002453
002456
002462
002477
002485
002490
002494
002505
002506
002514
002521
002522
002524
002526
002527
002531
002532
002534
002539
002545
002546
002547
002558
002566
002571
002578
002584
002585
002620
002622
002643
002650
002671
002673
002675
002677
002685
002690
002700
002701
002703
002704
002705
002707
002711
002720
002727
002734
002738
002743
002754
002756
002759
002764
002772
002778
002781
002787
002788
002799
002806
002807
002808
002819
002821
002827
002832
002835
002843
002844
002846
002849
002851
002859
002861
002862
002867
002874
002875
002883
002893
002894
002897
002907
002914
002918
002926
002931
002936
002941
002943
002945
002958
002971
002978
002985
002989
002993
002997
003002
003005
003006
003008
003017
003018
003024
003035
003036
003040
003041
003044
003045
003052
003065
003066
003067
003070
003073
003078
003086
003089
003095
003096
003097
003099
003100
003102
003104
003106
003120
003121
003128
003138
003140
003153
003158
003165
003166
003176
003193
003202
003206
003209
003211
003213
003217
003218
003221
003222
003225
003230
003236
003242
003243
003250
003252
003253
003255
003259
003262
003263
003271
003280
003287
003289
003290
003291
003293
003299
003300
003303
003304
003307
003310
003320
003328
003329
003335
003341
003344
003350
003354
003355
003360
003366
003367
003372
003374
003375
003379
003380
003383
003387
003389
003391
003398
003399
003407
003418
003441
003445
003446
003447
003450
003455
003456
003457
003458
003463
003474
003475
003479
003483
003485
003486
003492
003495
003497
003499
003500
003513
003525
003526
003535
003550
003556
003560
003561
003568
003569
003575
003578
003579
003584
003596
003605
003606
003613
003621
003622
003630
003637
003640
003643
003646
003647
003651
003655
003657
003666
003667
003668
003671
003673
003682
003688
003690
003692
003694
003695
003698
003706
003712
003715
003721
003722
003723
003724
003725
003729
003732
003733
003737
003738
003739
003741
003745
003748
003751
003754
003759
003760
003773
003776
003793
003794
003810
003822
003823
003839
003843
003845
003860
003862
003864
003866
003879
003880
003889
003891
003894
003896
003907
003908
003911
003925
003937
003938
003943
003945
003953
003955
003956
003958
003963
003969
003970
003972
003974
003975
003977
003983
003987
003991
003992
003993
003995
003999
004015
004023
004027
004032
004037
004046
004048
004055
004058
004062
004066
004068
004079
004084
004086
004087
004088
004100
004115
004116
004120
004129
004141
004146
004147
004148
004149
004155
004161
004170
004175
004199
004208
004211
004212
004221
004225
004229
004233
004235
004237
004238
004240
004242
004243
004253
004262
004269
004271
004273
004277
004280
004290
004291
004297
004302
004311
004315
004322
004326
004332
004334
004341
004357
004358
004369
004370
004375
004381
004398
004400
004411
004415
004416
004419
004424
004430
004431
004434
004436
004438
004445
004453
004456
004465
004466
004471
004472
004473
004483
004485
004486
004489
004494
004503
004513
004521
004522
004526
004531
004532
004533
004542
004547
004548
004554
004558
004564
004566
004567
004571
004575
004576
004580
004587
004590
004592
004596
004597
004598
004606
004611
004619
004629
004635
004636
004638
004640
004645
004650
004656
004658
004672
004676
004681
004692
004693
004699
004706
004717
004719
004723
004731
004734
004740
004741
004742
004745
004751
004756
004764
004767
004769
004770
004779
004790
004797
004810
004811
004823
004824
004825
004829
004838
004843
004850
004851
004854
004858
004859
004864
004865
004868
004871
004874
004878
004883
004899
004900
004902
004907
004908
004919
004921
004922
004923
004924
004927
004936
004943
004951
004965
004969
004971
004977
004984
004986
004996
004998
005004
005008
005009
005016
005021
005024
005027
005028
005035
005040
005049
005050
005064
005066
005071
005075
005077
005082
005085
005088
005096
005100
005102
005104
005105
005110
005118
005119
005123
005124
005125
005133
005135
005142
005143
005144
005148
005160
005162
005166
005168
005172
005177
005180
005182
005186
005188
005191
005192
005201
005202
005206
005214
005223
005225
005232
005233
005242
005251
005257
005260
005268
005269
005271
005280
005283
005288
005289
005292
005295
005304
005305
005315
005317
005327
005332
005336
005339
005340
005349
005351
005357
005367
005369
005373
005383
005386
005395
005398
005399
005400
005404
005425
005426
005432
005437
005438
005439
005449
005456
005463
005464
005472
005494
005496
005499
005505
005508
005511
005513
005514
005521
005523
005529
005536
005538
005539
005540
005552
005561
005573
005583
005584
005596
005610
005611
005614
005617
005625
005626
005638
005649
005650
005655
005657
005669
005680
005681
005684
005691
005693
005704
005713
005727
005731
005734
005735
005743
005745
005749
005751
005754
005762
005771
005772
005775
005788
005789
005790
005800
005802
005804
005814
005816
005829
005830
005833
005834
005835
005841
005847
005853
005859
005867
005875
005876
005881
005882
005884
005887
005894
005899
005900
005905
005909
005911
005912
005913
005916
005920
005926
005936
005949
005952
005960
005966
005970
005972
005981
005987
005988
005990
005997
006012
006017
006031
006037
006039
006040
006041
006051
006054
006060
006070
006072
006079
006081
006089
006100
006112
006113
006116
006117
006119
006120
006121
006122
006125
006132
006133
006134
006135
006142
006145
006150
006151
006163
006170
006172
006179
006182
006183
006201
006202
006211
006228
006230
006250
006252
006255
006286
006292
006294
006298
006300
006303
006304
006309
006310
006317
006319
006324
006335
006341
006342
006373
006376
006377
006388
006399
006405
006409
006419
006442
006443
006445
006446
006448
006460
006465
006468
006469
006474
006484
006487
006495
006501
006504
006510
006516
006538
006542
006549
006550
006555
006562
006569
006571
006582
006591
006592
006603
006613
006615
006618
006620
006621
006626
006630
006634
006638
006643
006654
006669
006673
006675
006676
006677
006680
006683
006686
006688
006691
006703
006712
006718
006719
006728
006736
006737
006738
006750
006759
006760
006761
006766
006767
006778
006780
006781
006784
006796
006797
006802
006828
006838
006847
006848
006850
006853
006865
006867
006876
006881
006884
006885
006886
006892
006895
006906
006913
006917
006918
006924
006932
006936
006939
006946
006948
006950
006952
006956
006957
006968
006973
006975
006981
006983
006987
006991
006994
006995
006996
007018
007031
007032
007040
007041
007042
007054
007064
007066
007067
007070
007071
007080
007082
007089
007101
007103
007104
007106
007111
007113
007119
007144
007148
007149
007150
007163
007165
007168
007170
007177
007180
007184
007187
007192
007199
007200
007203
007213
007216
007220
007222
007231
007232
007234
007235
007246
007248
007249
007255
007260
007268
007272
007276
007277
007285
007290
007293
007305
007311
007314
007320
007327
007328
007330
007336
007339
007341
007342
007348
007351
007365
007369
007373
007378
007380
007381
007382
007386
007394
007412
007417
007419
007426
007428
007432
007433
007435
007436
007437
007442
007454
007458
007466
007471
007473
007474
007475
007476
007484
007488
007495
007502
007504
007505
007509
007510
007513
007516
007519
007520
007532
007534
007541
007545
007546
007557
007569
007577
007589
007594
007599
007600
007601
007602
007608
007615
007617
007625
007626
007627
007630
007634
007635
007636
007637
007642
007643
007647
007652
007659
007661
007664
007676
007678
007680
007688
007689
007702
007705
007711
007718
007728
007732
007735
007742
007745
007757
007758
007768
007771
007772
007778
007780
007784
007786
007792
007796
007798
007818
007820
007825
007832
007851
007859
007862
007865
007868
007877
007880
007881
007883
007884
007887
007892
007900
007923
007927
007928
007932
007943
007959
007961
007963
007972
007977
007978
007980
007994
008000
008001
008018
008020
008030
008032
008040
008045
008050
008055
008062
008073
008078
008081
008086
008089
008092
008095
008100
008104
008113
008122
008126
008127
008128
008130
008135
008143
008146
008147
008155
008160
008165
008169
008185
008187
008189
008193
008197
008200
008211
008212
008234
008235
008236
008238
008242
008243
008245
008254
008256
008258
008262
008264
008265
008266
008277
008282
008290
008293
008303
008308
008314
008316
008331
008346
008351
008358
008360
008362
008367
008368
008370
008386
008392
008394
008398
008404
008405
008408
008410
008415
008416
008417
008419
008421
008425
008426
008432
008434
008443
008455
008461
008464
008473
008478
008495
008499
008504
008505
008507
008508
008514
008519
008536
008544
008545
008550
008555
008566
008567
008568
008571
008579
008580
008582
008583
008586
008597
008603
008610
008613
008616
008623
008627
008629
008630
008631
008632
008637
008638
008643
008648
008659
008662
008665
008668
008676
008677
008680
008682
008689
008695
008696
008710
008725
008726
008727
008738
008739
008742
008744
008757
008758
008763
008768
008773
008778
008779
008781
008784
008792
008796
008799
008811
008817
008826
008832
008833
008837
008847
008851
008858
008872
008893
008894
008901
008911
008912
008914
008918
008920
008933
008948
008949
008959
008972
008975
008976
008979
008985
008993
008996
008998
009000
009010
009011
009017
009018
009019
009020
009021
009027
009032
009044
009046
009051
009054
009056
009058
009067
009069
009071
009073
009074
009085
009086
009091
009094
