000004
000010
000021
000023
000033
000036
000041
000043
000045
000061
000063
000064
000065
000071
000076
000083
000087
000089
000090
000106
000110
000112
000118
000119
000127
000128
000129
000130
000131
000133
000138
000142
000144
000146
000149
000151
000152
000154
000163
000167
000171
000174
000175
000180
000191
000203
000205
000215
000220
000222
000228
000229
000233
000245
000246
000247
000255
000263
000273
000276
000280
000294
000300
000301
000302
000303
000314
000318
000329
000330
000335
000351
000352
000356
000364
000365
000372
000374
000375
000381
000399
000401
000404
000411
000437
000442
000452
000454
000455
000456
000459
000478
000479
000482
000506
000510
000511
000512
000519
000533
000541
000547
000549
000550
000554
000558
000563
000568
000570
000572
000577
000580
000587
000590
000596
000622
000623
000629
000630
000651
000655
000667
000680
000686
000690
000691
000692
000694
000696
000703
000706
000709
000711
000736
000738
000749
000750
000757
000758
000768
000774
000789
000801
000803
000808
000828
000829
000834
000838
000845
000854
000859
000860
000862
000868
000870
000876
000883
000885
000912
000914
000917
000918
000927
000928
000930
000940
000941
000942
000949
000957
000960
000962
000966
000969
000977
000979
000981
000993
000996
000999
001000
001002
001003
001010
001020
001023
001026
001029
001034
001039
001043
001045
001053
001063
001065
001080
001088
001091
001095
001100
001109
001110
001114
001115
001116
001121
001123
001126
001131
001136
001141
001149
001152
001158
001161
001165
001174
001175
001182
001183
001184
001187
001189
001192
001193
001202
001208
001209
001210
001212
001215
001218
001223
001229
001232
001237
001239
001240
001244
001246
001249
001255
001260
001269
001276
001286
001287
001288
001292
001296
001302
001303
001306
001315
001316
001318
001321
001336
001337
001340
001344
001365
001373
001383
001393
001395
001401
001403
001406
001407
001411
001412
001413
001421
001422
001423
001433
001435
001440
001441
001442
001446
001448
001449
001457
001462
001465
001466
001469
001477
001478
001481
001492
001500
001508
001513
001523
001525
001533
001535
001538
001542
001547
001548
001553
001555
001558
001568
001572
001579
001581
001582
001592
001603
001604
001606
001609
001614
001621
001626
001632
001640
001644
001645
001649
001656
001657
001671
001673
001684
001689
001690
001696
001698
001701
001709
001710
001711
001714
001721
001723
001734
001738
001741
001742
001750
001758
001762
001765
001769
001770
001774
001775
001778
001806
001808
001810
001813
001823
001827
001833
001834
001841
001843
001847
001856
001858
001861
001862
001866
001876
001877
001878
001879
001880
001889
001893
001894
001897
001898
