000000
000002
000003
000005
000007
000008
000009
000011
000013
000014
000015
000016
000017
000018
000019
000020
000025
000026
000027
000028
000029
000031
000032
000034
000037
000038
000039
000040
000044
000047
000048
000049
000051
000052
000053
000054
000055
000056
000058
000059
000060
000066
000067
000069
000070
000073
000075
000077
000078
000079
000080
000081
000082
000084
000085
000086
000091
000093
000094
000095
000096
000100
000103
000104
000105
000109
000111
000113
000114
000116
000117
000120
000121
000123
000124
000125
000126
000132
000134
000136
000137
000139
000140
000143
000145
000147
000148
000150
000156
000158
000159
000160
000161
000162
000164
000166
000168
000169
000170
000173
000176
000177
000178
000179
000183
000184
000185
000186
000187
000188
000190
000192
000194
000195
000196
000197
000199
000200
000201
000202
000206
000207
000208
000209
000210
000211
000212
000214
000216
000218
000223
000224
000226
000230
000231
000235
000236
000237
000238
000239
000240
000241
000242
000243
000244
000248
000249
000252
000253
000258
000260
000261
000262
000264
000266
000267
000268
000270
000271
000272
000274
000275
000277
000283
000284
000287
000290
000292
000295
000296
000297
000298
000305
000306
000307
000308
000311
000312
000315
000316
000320
000321
000323
000325
000327
000328
000331
000332
000333
000334
000337
000338
000339
000341
000342
000343
000344
000345
000346
000347
000349
000350
000353
000357
000359
000360
000362
000366
000367
000369
000370
000373
000376
000377
000378
000379
000380
000382
000383
000385
000386
000387
000389
000391
000393
000394
000395
000396
000398
000400
000403
000405
000406
000407
000408
000409
000410
000412
000414
000415
000416
000417
000419
000420
000421
000423
000424
000425
000426
000427
000428
000429
000430
000433
000434
000439
000440
000444
000445
000446
000447
000448
000449
000450
000451
000453
000457
000460
000461
000463
000464
000466
000467
000468
000469
000470
000471
000472
000473
000474
000475
000476
000477
000481
000483
000484
000486
000487
000488
000489
000491
000493
000494
000495
000496
000497
000500
000501
000502
000503
000504
000505
000507
000509
000513
000514
000515
000516
000518
000521
000522
000523
000525
000527
000529
000530
000531
000532
000534
000536
000537
000538
000542
000544
000545
000546
000548
000551
000553
000555
000556
000557
000561
000562
000564
000569
000571
000573
000574
000576
000578
000579
000581
000582
000585
000586
000588
000589
000591
000592
000593
000594
000595
000600
000603
000605
000606
000607
000608
000609
000610
000611
000612
000613
000616
000617
000618
000619
000620
000621
000624
000625
000626
000627
000631
000632
000633
000634
000635
000636
000638
000639
000640
000642
000643
000644
000645
000646
000648
000649
000650
000652
000653
000654
000656
000657
000659
000660
000661
000662
000663
000664
000665
000668
000669
000670
000671
000672
000673
000674
000675
000676
000677
000678
000681
000683
000685
000687
000689
000693
000695
000697
000699
000700
000702
000704
000705
000710
000712
000713
000714
000716
000717
000718
000719
000720
000721
000722
000723
000724
000725
000726
000727
000729
000730
000731
000733
000735
000737
000740
000741
000743
000744
000745
000747
000748
000752
000754
000755
000756
000759
000761
000762
000763
000765
000767
000769
000771
000773
000776
000777
000778
000779
000780
000781
000782
000783
000784
000785
000786
000787
000788
000791
000792
000793
000794
000795
000796
000797
000799
000802
000804
000805
000806
000807
000810
000813
000815
000816
000817
000819
000820
000822
000824
000825
000826
000827
000830
000831
000832
000833
000835
000836
000839
000841
000842
000843
000844
000846
000847
000848
000849
000851
000852
000853
000856
000858
000861
000863
000865
000866
000867
000869
000871
000872
000874
000875
000877
000878
000879
000880
000882
000884
000886
000887
000888
000890
000891
000892
000893
000894
000895
000896
000897
000899
000900
000902
000903
000905
000906
000907
000908
000909
000910
000911
000913
000916
000919
000920
000921
000922
000924
000935
000936
000937
000938
000939
000943
000944
000945
000946
000947
000948
000950
000951
000952
000953
000956
000958
000959
000961
000963
000964
000965
000967
000968
000970
000971
000972
000973
000975
000976
000978
000980
000982
000983
000985
000987
000989
000990
000991
000994
000995
000997
000998
001001
001004
001005
001006
001007
001008
001009
001011
001012
001013
001014
001016
001018
001019
001021
001022
001024
001025
001030
001031
001032
001033
001035
001036
001037
001038
001040
001041
001042
001046
001047
001048
001049
001050
001051
001052
001054
001056
001057
001058
001059
001060
001061
001067
001068
001069
001072
001073
001074
001075
001076
001077
001078
001079
001083
001084
001085
001086
001087
001089
001090
001092
001093
001094
001096
001097
001098
001099
001101
001102
001103
001106
001108
001111
001112
001113
001117
001118
001119
001122
001124
001125
001127
001128
001129
001134
001135
001137
001138
001139
001140
001142
001144
001146
001148
001153
001154
001155
001156
001157
001159
001160
001162
001163
001166
001167
001168
001169
001170
001171
001173
001176
001177
001178
001179
001180
001181
001185
001186
001188
001190
001191
001194
001197
001198
001199
001200
001203
001204
001205
001206
001207
001211
001214
001216
001219
001221
001224
001225
001226
001228
001230
001233
001234
001235
001236
001238
001241
001242
001243
001245
001247
001248
001250
001252
001253
001254
001258
001264
001265
001266
001267
001270
001271
001272
001273
001274
001277
001280
001281
001283
001284
001285
001289
001290
001291
001293
001294
001295
001297
001298
001300
001301
001304
001307
001308
001309
001310
001311
001312
001314
001317
001319
001322
001324
001325
001327
001328
001329
001330
001332
001333
001334
001335
001338
001341
001342
001345
001346
001347
001350
001351
001352
001353
001357
001358
001359
001360
001361
001362
001363
001366
001367
001368
001370
001371
001372
001374
001375
001376
001377
001378
001381
001384
001385
001386
001390
001391
001392
001394
001396
001397
001398
001400
001402
001405
001408
001416
001417
001418
001419
001420
001425
001428
001429
001431
001432
001434
001436
001437
001438
001443
001444
001445
001447
001451
001452
001453
001454
001456
001459
001460
001461
001463
001468
001470
001471
001473
001474
001476
001480
001482
001484
001485
001486
001489
001490
001493
001494
001495
001496
001497
001499
001501
001502
001503
001505
001506
001507
001509
001510
001511
001512
001514
001515
001516
001518
001519
001520
001521
001522
001524
001526
001527
001528
001529
001530
001534
001537
001539
001543
001545
001546
001550
001552
001554
001556
001557
001559
001560
001561
001562
001563
001566
001567
001569
001573
001574
001576
001578
001580
001583
001584
001587
001588
001589
001590
001591
001593
001594
001595
001599
001600
001601
001605
001607
001608
001610
001612
001613
001615
001616
001617
001618
001619
001620
001622
001623
001624
001625
001627
001628
001629
001633
001634
001635
001636
001637
001641
001642
001646
001647
001648
001650
001651
001652
001653
001655
001658
001659
001660
001661
001662
001663
001664
001666
001667
001669
001670
001674
001676
001678
001679
001680
001681
001683
001685
001686
001687
001691
001692
001693
001694
001695
001699
001703
001704
001712
001713
001715
001718
001720
001722
001724
001725
001726
001727
001728
001729
001730
001731
001732
001735
001736
001737
001740
001743
001744
001745
001746
001747
001749
001751
001752
001753
001754
001756
001757
001760
001761
001764
001768
001771
001772
001773
001780
001781
001783
001784
001785
001786
001787
001789
001790
001791
001792
001793
001794
001796
001797
001798
001799
001800
001801
001802
001803
001804
001805
001807
001809
001814
001815
001817
001819
001820
001821
001822
001825
001826
001828
001829
001831
001832
001835
001836
001837
001838
001839
001840
001848
001851
001852
001853
001854
001855
001859
001860
001863
001868
001870
001871
001872
001874
001875
001884
001885
001886
001888
001890
001891
001892
001895
001896
001900
001901
001902
