000001
000002
000003
000004
000005
000006
000008
000009
000011
000012
000013
000014
000015
000016
000018
000020
000021
000022
000023
000024
000025
000027
000029
000030
000031
000038
000040
000042
000043
000046
000048
000050
000051
000054
000055
000057
000060
000066
000068
000069
000071
000072
000073
000074
000075
000076
000077
000080
000081
000082
000084
000085
000086
000087
000089
000090
000094
000095
000096
000097
000098
000099
000100
000101
000102
000103
000105
000106
000107
000108
000112
000113
000115
000117
000118
000119
000120
000122
000124
000125
000127
000128
000129
000130
000131
000133
000135
000136
000137
000138
000140
000142
000143
000146
000147
000148
000149
000151
000152
000153
000155
000157
000159
000160
000161
000163
000164
000165
000167
000169
000170
000171
000172
000173
000174
000175
000176
000177
000179
000180
000181
000186
000187
000188
000191
000192
000193
000194
000196
000197
000198
000200
000201
000202
000204
000205
000211
000212
000214
000218
000220
000221
000224
000227
000228
000229
000230
000232
000233
000235
000236
000237
000238
000240
000243
000245
000248
000250
000252
000253
000254
000255
000256
000260
000263
000267
000268
000270
000272
000276
000283
000284
000285
000286
000287
000288
000290
000291
000293
000294
000296
000297
000298
000299
000300
000302
000303
000305
000306
000308
000309
000310
000311
000313
000315
000316
000318
000319
000323
000325
000327
000328
000329
000331
000332
000334
000335
000338
000339
000343
000347
000348
000351
000352
000357
000358
000359
000360
000361
000362
000364
000365
000366
000367
000368
000369
000371
000372
000373
000375
000377
000379
000380
000384
000386
000387
000388
000391
000392
000395
000396
000398
000401
000402
000407
000410
000411
000412
000414
000419
000420
000421
000422
000423
000424
000425
000430
000431
000434
000436
000437
000438
000439
000440
000441
000442
000444
000446
000447
000450
000451
000453
000455
000456
000458
000460
000461
000462
000464
000466
000467
000468
000469
000470
000471
000474
000475
000477
000478
000479
000480
000482
000485
000487
000488
000489
000490
000491
000492
000493
000494
000497
000498
000500
000503
000507
000509
000510
000511
000512
000513
000514
000516
000517
000518
000519
000520
000521
000522
000523
000527
000529
000530
000531
000532
000533
000536
000537
000539
000541
000543
000545
000548
000549
000551
000553
000554
000556
000557
000561
000562
000563
000565
000566
000567
000569
000570
000572
000573
000574
000576
000577
000578
000581
000582
000583
000585
000587
000588
000589
000593
000594
000595
000596
000599
000604
000607
000608
000613
000616
000617
000618
000619
000620
000621
000622
000624
000625
000626
000627
000628
000629
000630
000631
000632
000633
000635
000642
000643
000645
000648
000650
000651
000653
000656
000658
000659
000663
000664
000666
000667
000669
000670
000673
000675
000676
000677
000678
000679
000681
000682
000685
000686
000687
000688
000689
000690
000691
000692
000693
000694
000695
000696
000698
000704
000705
000706
000710
000711
000712
000713
000715
000716
000718
000721
000722
000723
000724
000725
000726
000727
000729
000730
000731
000733
000734
000736
000738
000740
000741
000742
000743
000746
000747
000748
000749
000752
000754
000755
000756
000758
000759
000760
000763
000764
000766
000767
000770
000771
000772
000775
000777
000779
000780
000782
000783
000785
000786
000787
000788
000791
000793
000794
000795
000796
000800
000801
000802
000803
000804
000805
000806
000807
000808
000809
000810
000811
000812
000816
000821
000824
000825
000826
000827
000828
000829
000830
000831
000833
000834
000835
000836
000837
000838
000841
000844
000845
000846
000847
000850
000853
000855
000857
000858
000861
000863
000864
000865
000867
000868
000869
000872
000873
000877
000879
000880
000883
000884
000885
000886
000887
000888
000891
000892
000893
000896
000897
000898
000902
000904
000907
000910
000914
000915
000916
000917
000919
000925
000926
000927
000929
000931
000933
000935
000938
000939
000940
000941
000944
000945
000946
000947
000948
000951
000953
000954
000956
000958
000960
000961
000963
000969
000971
000972
000973
000976
000977
000978
000983
000984
000987
000991
000994
000998
000999
001000
001001
001006
001011
001013
001014
001015
001017
001018
001019
001021
001024
001025
001027
001028
001029
001030
001032
001034
001035
001038
001039
001040
001041
001042
001043
001045
001046
001049
001050
001051
001054
001056
001059
001060
001062
001063
001065
001066
001067
001069
001071
001073
001074
001076
001078
001080
001081
001082
001084
001086
001087
001089
001090
001091
001093
001097
001099
001100
001101
001102
001103
001104
001105
001107
001108
001110
001111
001113
001114
001117
001118
001119
001120
001121
001123
001125
001126
001127
001129
001130
001132
001134
001136
001137
001138
001140
001142
001145
001147
001148
001149
001155
001156
001161
001164
001166
001167
001168
001172
001173
001175
001176
001177
001178
001180
001181
001183
001185
001187
001188
001189
001190
001191
001192
001194
001196
001197
001200
001202
001203
001205
001206
001207
001208
001209
001211
001215
001216
001220
001221
001224
001225
001227
001228
001229
001231
001232
001234
001235
001236
001237
001238
001239
001240
001242
001243
001244
001245
001246
001247
001248
001251
001253
001254
001257
001258
001259
001260
001263
001264
001265
001269
001272
001276
001278
001281
001284
001285
001287
001289
001290
001291
001293
001294
001296
001297
001298
001299
001300
001302
001303
001304
001305
001306
001307
001309
001310
001315
001316
001320
001323
001324
001326
001327
001329
001330
001332
001333
001336
001337
001339
001340
001341
001342
001343
001347
001348
001349
001351
001352
001354
001355
001357
001358
001359
001363
001364
001365
001367
001368
001369
001370
001372
001375
001376
001378
001379
001381
001382
001383
001385
001386
001387
001389
001390
001391
001392
001393
001395
001396
001398
001399
001400
001401
001404
001407
001408
001409
001413
001414
001418
001420
001422
001423
001425
001426
001427
001429
001431
001435
001438
001441
001442
001443
001445
001446
001448
001449
001450
001451
001453
001454
001456
001458
001459
001461
001463
001464
001467
001469
001472
001473
001474
001475
001479
001480
001481
001483
001485
001487
001489
001491
001495
001496
001498
001499
001501
001504
001505
001507
001509
001510
001511
001512
001513
001515
001518
001520
001521
001527
001528
001529
001530
001531
001532
001534
001535
001536
001537
001540
001542
001543
001544
001545
001548
001550
001552
001553
001555
001556
001559
001560
001563
001564
001565
001566
001569
001570
001571
001572
001573
001575
001576
001579
001581
001582
001584
001585
001588
001589
001590
001591
001592
001593
001594
001596
001597
001599
001603
001608
001609
001612
001614
001615
001616
001618
001620
001621
001622
001624
001625
001626
001627
001629
001631
001635
001636
001638
001639
001643
001647
001648
001649
001650
001651
001652
001653
001654
001655
001657
001659
001660
001661
001664
001665
001667
001668
001670
001671
001672
001677
001682
001683
001684
001685
001687
001690
001693
001694
001695
001698
001699
001700
001704
001705
001707
001712
001713
001714
001715
001716
001717
001720
001724
001725
001727
001729
001730
001731
001732
001737
001738
001739
001740
001741
001743
001744
001745
001746
001748
001749
001750
001751
001753
001754
001755
001756
001757
001760
001761
001764
001766
001767
001768
001769
001772
001773
001775
001776
001780
001781
001782
001783
001784
001790
001791
001792
001793
001795
001798
001801
001803
001804
001806
001807
001808
001809
001810
001811
001814
001816
001818
001820
001822
001823
001824
001825
001826
001827
001829
001830
001834
001836
001837
001839
001844
001845
001849
001851
001853
001854
001856
001860
001861
001862
001863
001864
001865
001869
001870
001873
001875
001877
001879
001881
001883
001884
001887
001888
001891
001893
001895
001896
001897
001898
001899
001900
001903
001904
001905
001907
001910
001911
001914
001915
001916
001917
001919
001920
001924
001926
001929
001931
001941
001943
001944
001948
001950
001951
001953
001954
001955
001957
001958
001963
001964
001966
001967
001969
001970
001972
001973
001974
001975
001977
001978
001979
001980
001983
001986
001987
001989
001990
001991
001992
001993
001994
001996
001997
001998
002000
002002
002005
002006
002007
002008
002009
002010
002011
002012
002013
002016
002017
002019
002020
002021
002025
002027
002028
002030
002031
002032
002037
002040
002043
002045
002048
002050
002053
002054
002055
002057
002059
002060
002061
002062
002063
002065
002067
002069
002073
002075
002076
002077
002079
002081
002083
002085
002087
002090
002097
002098
002099
002100
002101
002102
002103
002107
002110
002111
002114
002115
002116
002118
002120
002122
002124
002125
002128
002132
002134
002136
002137
002138
002139
002140
002141
002143
002144
002145
002146
002147
002148
002150
002153
002154
002156
002158
002159
002161
002162
002165
002167
002168
002170
002171
002173
002174
002175
002178
002180
002181
002186
002187
002188
002189
002190
002191
002192
002193
002194
002195
002196
002198
002202
002203
002205
002207
002208
002210
002211
002212
002213
002214
002217
002218
002219
002220
002221
002222
002225
002227
002229
002230
002233
002234
002235
002236
002237
002238
002241
002243
002245
002248
002249
002251
002252
002253
002254
002255
002256
002257
002258
002259
002260
002262
002263
002264
002265
002266
002270
002271
002272
002276
002277
002278
002280
002282
002284
002285
002286
002287
002291
002292
002294
002296
002297
002299
002301
002302
002304
002305
002307
002308
002309
002311
002312
002314
002315
002316
002317
002318
002319
002320
002321
002322
002323
002324
002325
002327
002329
002333
002335
002336
002337
002339
002340
002342
002344
002345
002348
002350
002351
002355
002356
002357
002358
002360
002361
002363
002364
002365
002366
002369
002371
002372
002375
002376
002378
002381
002383
002384
002385
002387
002388
002391
002392
002395
002396
002399
002400
002401
002402
002403
002405
002410
002411
002412
002414
002415
002417
002418
002419
002421
002424
002426
002427
002430
002431
002433
002437
002438
002439
002440
002441
002443
002444
002445
002446
002449
002450
002454
002455
002457
002458
002460
002463
002464
002465
002466
002468
002470
002471
002472
002473
002474
002475
002476
002478
002479
002480
002483
002484
002487
002491
002493
002495
002496
002497
002500
002501
002502
002503
002509
002510
002511
002512
002513
002515
002516
002517
002518
002519
002520
002523
002525
002529
002530
002533
002535
002536
002540
002542
002543
002544
002548
002549
002550
002553
002555
002556
002557
002559
002560
002563
002565
002568
002569
002570
002572
002574
002575
002576
002579
002581
002583
002586
002587
002588
002591
002592
002594
002596
002597
002598
002599
002601
002604
002606
002607
002608
002609
002611
002612
002613
002614
002615
002616
002617
002618
002619
002621
002624
002626
002627
002629
002630
002631
002635
002636
002637
002639
002640
002642
002646
002647
002648
002649
002651
002652
002653
002654
002656
002657
002659
002660
002661
002664
002665
002666
002667
002670
002672
002674
002676
002679
002680
002681
002684
002686
002687
002688
002689
002691
002693
002694
002695
002697
002698
002702
002706
002708
002709
002710
002713
002714
002715
002716
002721
002725
002728
002730
002731
002732
002733
002735
002736
002737
002740
002741
002742
002744
002745
002746
002750
002751
002753
002755
002757
002758
002760
002762
002763
002766
002767
002768
002769
002770
002771
002773
002774
002775
002776
002777
002779
002780
002782
002783
002784
002785
002786
002789
002790
002792
002793
002795
002796
002800
002802
002803
002804
002805
002809
002810
002811
002812
002813
002814
002817
002818
002820
002822
002825
002826
002828
002829
002830
002831
002834
002837
002838
002839
002841
002842
002845
002847
002848
002850
002852
002853
002854
002856
002857
002858
002860
002863
002865
002866
002870
002871
002872
002873
002876
002877
002880
002881
002886
002887
002889
002890
002892
002895
002896
002898
002899
002900
002901
002902
002903
002908
002909
002911
002912
002913
002915
002916
002917
002919
002920
002921
002922
002924
002925
002927
002928
002929
002930
002932
002934
002935
002937
002938
002944
002948
002950
002952
002953
002954
002956
002957
002959
002960
002961
002962
002963
002965
002966
002968
002969
002970
002972
002973
002974
002975
002977
002979
002980
002981
002982
002983
002984
002986
002988
002990
002994
002996
002998
002999
003000
003007
003009
003010
003012
003013
003014
003015
003016
003019
003021
003022
003023
003026
003027
003028
003029
003030
003031
003032
003033
003037
003038
003039
003042
003043
003047
003048
003049
003051
003054
003055
003057
003058
003059
003060
003061
003062
003063
003064
003068
003069
003071
003072
003074
003075
003076
003077
003079
003080
003081
003083
003084
003085
003087
003088
003090
003091
003092
003094
003098
003101
003103
003105
003107
003109
003110
003111
003114
003116
003118
003122
003123
003127
003129
003130
003132
003133
003135
003136
003137
003139
003142
003143
003145
003146
003148
003149
003150
003151
003152
003154
003156
003159
003160
003162
003164
003167
003168
003170
003171
003172
003173
003174
003175
003177
003181
003182
003183
003185
003186
003187
003188
003189
003190
003192
003194
003195
003196
003197
003198
003199
003200
003201
003203
003204
003207
003208
003210
003212
003214
003219
003220
003223
003224
003226
003228
003229
003231
003232
003234
003235
003239
003245
003246
003247
003248
003249
003251
003254
003257
003258
003260
003261
003264
003265
003266
003267
003268
003270
003273
003274
003275
003276
003278
003281
003282
003283
003284
003286
003288
003292
003294
003296
003302
003306
003308
003309
003311
003312
003315
003316
003317
003319
003321
003322
003323
003325
003327
003331
003332
003333
003336
003337
003340
003342
003347
003348
003349
003352
003357
003359
003361
003362
003363
003370
003371
003376
003377
003378
003381
003382
003384
003385
003390
003393
003397
003400
003402
003403
003404
003406
003408
003410
003411
003412
003413
003414
003415
003416
003417
003419
003422
003423
003424
003425
003426
003427
003428
003429
003430
003432
003434
003435
003436
003438
003439
003440
003442
003443
003448
003449
003452
003453
003454
003459
003460
003461
003462
003464
003466
003467
003468
003470
003471
003472
003476
003477
003481
003488
003489
003490
003491
003493
003494
003496
003498
003501
003503
003504
003505
003506
003507
003508
003509
003511
003512
003514
003516
003517
003518
003519
003520
003521
003522
003523
003524
003528
003530
003531
003532
003533
003534
003536
003538
003539
003540
003541
003542
003543
003545
003547
003549
003551
003553
003554
003555
003557
003558
003559
003563
003567
003570
003571
003572
003573
003574
003576
003581
003582
003583
003585
003586
003589
003590
003591
003592
003593
003594
003595
003597
003598
003600
003601
003602
003603
003604
003607
003608
003609
003610
003611
003612
003614
003615
003616
003617
003620
003623
003624
003626
003627
003628
003631
003632
003633
003634
003635
003638
003639
003641
003642
003644
003645
003649
003650
003652
003653
003654
003658
003659
003664
003665
003669
003670
003672
003675
003676
003678
003680
003681
003683
003684
003685
003686
003689
003691
003693
003696
003697
003699
003700
003701
003704
003705
003707
003709
003710
003711
003713
003714
003716
003717
003720
003726
003727
003728
003730
003731
003734
003736
003740
003744
003746
003747
003750
003756
003757
003758
003761
003762
003763
003764
003765
003766
003767
003768
003769
003771
003772
003774
003775
003778
003779
003780
003781
003782
003783
003784
003785
003786
003787
003788
003790
003791
003795
003796
003798
003800
003801
003802
003803
003804
003805
003806
003807
003809
003811
003813
003814
003815
003816
003818
003819
003820
003821
003827
003829
003830
003832
003833
003834
003835
003836
003838
003840
003842
003844
003846
003847
003848
003850
003851
003852
003854
003857
003858
003859
003861
003865
003867
003868
003869
003871
003872
003874
003875
003876
003877
003878
003881
003883
003885
003886
003887
003888
003890
003893
003897
003898
003899
003900
003901
003902
003904
003905
003906
003912
003913
003914
003915
003916
003917
003919
003920
003921
003922
003923
003924
003926
003928
003929
003930
003931
003932
003933
003934
003940
003941
003942
003944
003946
003947
003948
003950
003951
003952
003957
003959
003961
003964
003967
003968
003971
003973
003976
003978
003979
003980
003981
003982
003984
003985
003986
003989
003990
003998
004001
004004
004005
004006
004007
004008
004009
004012
004013
004016
004017
004019
004020
004021
004022
004024
004025
004026
004028
004029
004030
004031
004033
004034
004039
004041
004042
004043
004044
004045
004047
004049
004050
004051
004052
004053
004054
004056
004057
004059
004060
004061
004063
004064
004065
004067
004069
004070
004071
004072
004073
004076
004077
004078
004082
004083
004089
004090
004092
004093
004096
004097
004098
004101
004102
004104
004105
004106
004107
004108
004109
004111
004112
004114
004119
004121
004122
004124
004125
004127
004128
004130
004131
004132
004133
004134
004136
004139
004140
004142
004144
004150
004151
004152
004153
004154
004156
004157
004159
004162
004163
004164
004166
004167
004169
004172
004173
004174
004179
004180
004181
004182
004183
004184
004185
004186
004187
004188
004189
004190
004192
004193
004194
004195
004196
004200
004201
004202
004203
004204
004206
004210
004213
004214
004216
004217
004218
004219
004220
004222
004223
004227
004228
004230
004231
004232
004234
004236
004241
004244
004245
004246
004247
004248
004249
004250
004251
004252
004254
004255
004256
004257
004258
004260
004266
004267
004268
004270
004272
004274
004276
004278
004279
004281
004283
004284
004286
004287
004288
004289
004292
004293
004294
004295
004296
004299
004300
004301
004305
004306
004307
004309
004310
004312
004313
004314
004316
004317
004319
004320
004321
004323
004324
004327
004331
004333
004335
004336
004337
004340
004342
004344
004345
004347
004348
004349
004350
004352
004354
004355
004356
004359
004360
004362
004363
004365
004366
004367
004368
004371
004373
004374
004377
004378
004383
004384
004385
004387
004388
004389
004390
004391
004394
004395
004396
004399
004402
004403
004404
004405
004406
004407
004408
004409
004410
004412
004413
004414
004418
004420
004421
004422
004423
004427
004432
004437
004439
004441
004442
004443
004444
004447
004449
004451
004452
004454
004455
004457
004458
004459
004460
004462
004463
004467
004468
004469
004470
004476
004478
004481
004482
004484
004487
004488
004493
004495
004496
004497
004498
004500
004501
004502
004504
004505
004506
004508
004509
004510
004511
004512
004514
004515
004517
004519
004524
004525
004527
004529
004530
004534
004535
004536
004537
004543
004544
004546
004549
004550
004551
004552
004553
004556
004557
004559
004560
004562
004563
004565
004569
004570
004572
004573
004577
004578
004579
004581
004582
004584
004585
004586
004589
004591
004594
004599
004600
004601
004602
004603
004604
004605
004609
004610
004613
004614
004615
004616
004617
004618
004620
004621
004622
004623
004625
004626
004627
004630
004631
004632
004633
004637
004639
004641
004643
004644
004646
004647
004649
004651
004652
004653
004654
004657
004659
004660
004661
004662
004663
004665
004666
004668
004669
004670
004671
004673
004674
004677
004678
004679
004682
004683
004684
004685
004686
004688
004690
004695
004696
004697
004698
004700
004701
004702
004703
004704
004705
004707
004710
004711
004714
004715
004716
004718
004720
004721
004722
004724
004725
004726
004728
004729
004730
004732
004733
004735
004736
004737
004738
004739
004744
004747
004748
004749
004750
004754
004755
004758
004759
004760
004761
004762
004763
004765
004766
004768
004771
004772
004773
004774
004776
004777
004778
004780
004781
004782
004783
004784
004785
004786
004787
004788
004789
004791
004792
004794
004795
004796
004798
004799
004801
004802
004805
004806
004807
004808
004809
004812
004814
004815
004816
004818
004819
004820
004826
004827
004828
004830
004831
004832
004833
004834
004835
004836
004837
004839
004840
004841
004842
004845
004846
004847
004848
004849
004852
004853
004856
004857
004860
004861
004862
004863
004866
004867
004869
004870
004873
004875
004877
004879
004880
004881
004884
004886
004889
004893
004894
004896
004897
004898
004903
004905
004906
004910
004911
004912
004913
004915
004916
004918
004920
004925
004926
004928
004929
004931
004932
004933
004934
004935
004937
004938
004939
004940
004941
004942
004944
004946
004947
004948
004949
004952
004953
004955
004956
004957
004958
004960
004961
004962
004964
004966
004967
004968
004970
004972
004973
004979
004980
004982
004985
004987
004988
004989
004990
004992
004994
004997
004999
005000
005001
005003
005006
005007
005010
005011
005012
005014
005017
005018
005020
005023
005025
005029
005030
005031
005032
005033
005034
005036
005037
005038
005039
005041
005042
005046
005048
005051
005052
005053
005054
005055
005056
005057
005058
005059
005060
005061
005062
005067
005068
005072
005073
005074
005078
005079
005081
005083
005089
005091
005093
005095
005098
005099
005101
005103
005106
005107
005108
005109
005112
005113
005114
005115
005116
005117
005120
005121
005122
005126
005128
005129
005131
005137
005139
005140
005141
005145
005147
005149
005150
005152
005153
005154
005156
005157
005158
005159
005161
005163
005164
005165
005167
005169
005171
005173
005175
005176
005178
005179
005184
005187
005189
005190
005193
005194
005195
005196
005197
005198
005199
005200
005205
005207
005208
005209
005211
005213
005215
005216
005217
005219
005224
005226
005228
005234
005236
005237
005238
005239
005240
005241
005243
005244
005245
005246
005248
005249
005250
005252
005254
005256
005258
005259
005261
005263
005264
005266
005267
005270
005272
005273
005274
005275
005277
005278
005279
005281
005282
005284
005285
005286
005287
005290
005291
005296
005297
005298
005299
005300
005301
005302
005303
005306
005309
005313
005314
005318
005319
005320
005321
005323
005324
005326
005328
005329
005331
005333
005335
005337
005338
005341
005342
005343
005345
005346
005347
005352
005353
005354
005355
005356
005358
005359
005360
005361
005362
005363
005364
005365
005366
005368
005370
005371
005372
005374
005375
005377
005378
005382
005384
005385
005387
005390
005391
005392
005393
005394
005396
005397
005401
005402
005403
005405
005406
005407
005408
005409
005410
005411
005412
005413
005416
005417
005418
005419
005420
005423
005424
005427
005428
005431
005434
005435
005440
005441
005442
005443
005444
005445
005446
005450
005451
005452
005453
005454
005455
005458
005459
005460
005461
005462
005465
005466
005467
005468
005469
005470
005471
005473
005476
005477
005478
005479
005480
005481
005482
005484
005485
005486
005488
005489
005491
005493
005497
005498
005500
005502
005503
005506
005507
005509
005510
005512
005515
005516
005517
005518
005520
005522
005524
005525
005526
005527
005530
005531
005532
005533
005535
005537
005542
005543
005545
005546
005547
005548
005549
005550
005554
005555
005557
005558
005559
005560
005563
005564
005565
005568
005569
005571
005572
005576
005577
005578
005579
005581
005585
005587
005589
005590
005592
005593
005595
005597
005600
005602
005604
005605
005608
005609
005613
005616
005618
005619
005621
005622
005623
005627
005628
005629
005630
005632
005633
005634
005636
005637
005639
005640
005641
005642
005643
005644
005645
005646
005647
005648
005651
005652
005653
005654
005656
005658
005660
005661
005662
005663
005664
005667
005668
005670
005671
005672
005675
005677
005678
005679
005682
005683
005685
005686
005688
005692
005694
005695
005697
005698
005699
005700
005701
005702
005703
005705
005707
005708
005709
005710
005711
005712
005714
005715
005716
005717
005718
005719
005720
005721
005722
005723
005724
005726
005728
005729
005732
005733
005737
005738
005739
005740
005741
005742
005744
005746
005747
005748
005750
005752
005753
005756
005757
005758
005759
005760
005761
005763
005764
005765
005766
005768
005769
005773
005774
005776
005777
005779
005780
005781
005782
005784
005785
005786
005787
005791
005792
005794
005795
005796
005797
005798
005799
005801
005803
005806
005808
005810
005811
005812
005813
005815
005817
005818
005819
005820
005821
005824
005825
005826
005827
005828
005831
005832
005836
005837
005838
005839
005842
005844
005846
005848
005852
005854
005855
005856
005857
005858
005860
005861
005862
005864
005869
005870
005871
005872
005873
005877
005880
005883
005886
005888
005889
005890
005891
005892
005893
005895
005896
005897
005898
005901
005902
005903
005906
005907
005910
005914
005915
005918
005919
005921
005922
005923
005925
005927
005928
005929
005930
005931
005932
005933
005934
005935
005937
005938
005939
005941
005942
005943
005944
005946
005947
005948
005950
005951
005953
005954
005955
005957
005958
005959
005961
005962
005963
005967
005968
005969
005973
005974
005975
005976
005977
005978
005979
005980
005983
005984
005985
005986
005991
005993
005994
005995
005996
005999
006000
006001
006002
006003
006005
006006
006007
006008
006009
006011
006013
006014
006015
006016
006018
006019
006020
006021
006022
006023
006025
006026
006027
006029
006030
006034
006035
006036
006038
006043
006044
006045
006046
006047
006048
006049
006050
006055
006056
006057
006058
006059
006061
006062
006063
006064
006065
006066
006067
006069
006071
006075
006076
006078
006080
006082
006084
006085
006087
006088
006090
006091
006092
006093
006096
006097
006098
006099
006101
006102
006103
006105
006106
006107
006108
006109
006110
006114
006123
006126
006127
006128
006129
006130
006131
006136
006137
006139
006140
006141
006143
006144
006146
006147
006149
006152
006155
006157
006158
006159
006160
006161
006162
006166
006167
006168
006169
006171
006173
006174
006175
006176
006177
006180
006181
006184
006185
006186
006187
006188
006189
006190
006191
006192
006193
006194
006195
006196
006197
006198
006199
006203
006206
006207
006210
006212
006213
006214
006215
006218
006219
006220
006221
006224
006225
006226
006231
006232
006233
006234
006235
006236
006238
006239
006240
006241
006242
006243
006244
006247
006248
006249
006251
006254
006257
006258
006260
006262
006263
006264
006265
006266
006267
006269
006270
006271
006272
006273
006274
006275
006276
006277
006280
006281
006282
006283
006287
006288
006289
006290
006291
006295
006296
006299
006301
006302
006305
006306
006307
006308
006311
006312
006313
006314
006315
006316
006318
006320
006321
006322
006323
006325
006326
006327
006328
006329
006330
006331
006336
006339
006340
006344
006345
006346
006347
006348
006349
006351
006353
006355
006356
006357
006358
006359
006360
006361
006362
006363
006365
006366
006367
006368
006369
006370
006372
006374
006375
006378
006380
006381
006382
006383
006384
006385
006387
006389
006392
006393
006394
006395
006396
006397
006402
006403
006406
006408
006410
006411
006412
006413
006414
006415
006418
006420
006421
006422
006423
006424
006425
006426
006427
006428
006429
006431
006432
006434
006435
006437
006439
006441
006444
006449
006450
006452
006453
006454
006456
006457
006458
006459
006461
006462
006464
006466
006467
006470
006471
006472
006473
006475
006476
006477
006479
006480
006481
006482
006483
006485
006486
006488
006489
006490
006491
006492
006493
006496
006498
006499
006502
006503
006505
006506
006507
006508
006509
006513
006515
006517
006518
006519
006521
006522
006523
006524
006525
006526
006528
006529
006530
006531
006532
006533
006534
006536
006540
006543
006544
006545
006547
006548
006551
006552
006553
006554
006557
006558
006560
006561
006563
006564
006567
006568
006570
006572
006574
006575
006576
006578
006579
006580
006581
006583
006584
006585
006586
006587
006589
006593
006594
006595
006596
006597
006598
006599
006600
006601
006602
006604
006605
006607
006608
006609
006611
006612
006616
006617
006619
006622
006623
006624
006627
006629
006631
006632
006635
006636
006637
006639
006640
006641
006642
006647
006649
006650
006651
006652
006653
006655
006656
006658
006659
006660
006661
006662
006663
006664
006665
006666
006668
006670
006672
006674
006678
006679
006682
006684
006685
006687
006689
006692
006693
006694
006696
006698
006699
006700
006701
006702
006704
006705
006706
006707
006708
006709
006710
006713
006714
006715
006717
006720
006721
006722
006724
006727
006729
006730
006732
006733
006734
006739
006740
006741
006742
006743
006744
006746
006747
006749
006751
006752
006753
006754
006757
006758
006762
006763
006764
006765
006768
006769
006771
006772
006773
006774
006775
006777
006779
006782
006783
006785
006786
006787
006788
006789
006791
006794
006795
006798
006799
006800
006803
006804
006805
006806
006807
006809
006810
006811
006813
006814
006816
006817
006819
006820
006821
006822
006824
006825
006827
006829
006830
006831
006833
006835
006836
006837
006839
006840
006841
006842
006843
006849
006851
006852
006855
006857
006860
006861
006862
006864
006866
006868
006869
006871
006872
006873
006874
006875
006877
006879
006882
006887
006888
006889
006891
006893
006894
006896
006897
006898
006899
006900
006901
006902
006903
006907
006909
006910
006911
006912
006914
006915
006919
006921
006925
006927
006928
006929
006930
006931
006933
006935
006937
006940
006941
006942
006943
006944
006945
006949
006951
006953
006954
006955
006959
006961
006962
006963
006964
006966
006969
006970
006971
006972
006974
006976
006979
006980
006984
006985
006988
006989
006990
006992
006993
006998
006999
007000
007001
007002
007004
007006
007007
007008
007010
007012
007013
007014
007016
007019
007020
007021
007022
007023
007026
007028
007029
007030
007033
007034
007035
007037
007038
007039
007043
007044
007045
007047
007048
007049
007050
007051
007053
007056
007057
007058
007059
007060
007061
007063
007068
007069
007072
007074
007075
007077
007078
007079
007081
007083
007084
007085
007086
007087
007088
007090
007091
007095
007096
007097
007098
007099
007102
007105
007107
007108
007109
007110
007112
007114
007115
007116
007118
007120
007121
007122
007123
007124
007125
007126
007127
007128
007131
007132
007133
007135
007136
007139
007140
007142
007145
007151
007152
007153
007154
007156
007158
007159
007160
007162
007164
007166
007167
007169
007171
007172
007173
007174
007176
007178
007181
007183
007185
007186
007189
007190
007191
007193
007195
007196
007197
007198
007201
007202
007205
007206
007207
007210
007211
007214
007215
007219
007221
007223
007224
007225
007226
007227
007228
007230
007233
007239
007240
007245
007247
007250
007252
007256
007258
007259
007261
007262
007263
007265
007266
007267
007269
007270
007271
007273
007274
007275
007281
007282
007286
007287
007291
007292
007294
007295
007296
007298
007299
007300
007302
007303
007304
007307
007308
007309
007310
007312
007313
007315
007316
007317
007318
007319
007321
007322
007324
007325
007326
007329
007331
007332
007333
007337
007338
007340
007345
007346
007349
007350
007352
007353
007354
007355
007357
007358
007359
007360
007361
007363
007366
007370
007375
007376
007377
007379
007383
007385
007388
007390
007392
007395
007396
007399
007400
007401
007402
007404
007405
007406
007407
007408
007409
007410
007411
007413
007415
007416
007418
007422
007423
007427
007429
007431
007434
007439
007440
007445
007446
007447
007448
007449
007450
007451
007452
007453
007455
007457
007459
007460
007462
007463
007464
007465
007467
007468
007469
007470
007477
007479
007480
007481
007482
007485
007486
007487
007491
007492
007493
007494
007496
007497
007498
007499
007500
007501
007507
007508
007511
007512
007514
007517
007518
007521
007522
007525
007526
007527
007528
007529
007530
007535
007537
007538
007539
007542
007544
007547
007548
007549
007550
007551
007555
007562
007563
007564
007566
007567
007568
007570
007571
007573
007574
007575
007576
007578
007581
007582
007583
007585
007587
007588
007590
007591
007596
007597
007598
007605
007606
007607
007610
007611
007612
007613
007619
007620
007621
007624
007628
007632
007633
007638
007640
007641
007644
007645
007646
007649
007656
007657
007658
007660
007662
007663
007666
007667
007670
007671
007672
007673
007677
007679
007682
007683
007684
007685
007686
007691
007693
007694
007695
007696
007697
007698
007700
007701
007703
007704
007706
007707
007708
007710
007712
007713
007715
007716
007717
007719
007720
007721
007722
007723
007725
007726
007727
007730
007731
007734
007736
007738
007739
007740
007743
007744
007746
007747
007748
007749
007750
007751
007752
007753
007754
007755
007759
007760
007761
007762
007763
007765
007767
007769
007770
007773
007774
007775
007776
007777
007779
007781
007782
007783
007785
007787
007788
007790
007791
007793
007794
007795
007797
007799
007800
007801
007803
007804
007806
007809
007810
007811
007812
007813
007815
007816
007817
007819
007821
007822
007823
007824
007826
007827
007828
007829
007830
007831
007833
007834
007835
007836
007839
007840
007841
007842
007843
007844
007848
007850
007852
007854
007856
007857
007858
007860
007863
007866
007867
007870
007871
007872
007873
007874
007875
007876
007879
007882
007885
007888
007889
007890
007891
007893
007894
007895
007896
007897
007898
007899
007901
007902
007903
007904
007905
007907
007908
007909
007910
007912
007913
007914
007915
007916
007917
007919
007920
007921
007922
007924
007925
007926
007929
007930
007934
007935
007936
007939
007940
007941
007942
007944
007945
007946
007947
007949
007950
007951
007953
007954
007956
007957
007958
007960
007962
007964
007965
007966
007967
007968
007970
007974
007976
007979
007981
007982
007983
007984
007985
007986
007987
007988
007990
007991
007992
007993
007995
007996
007997
007998
007999
008002
008003
008004
008005
008006
008007
008008
008009
008010
008015
008016
008017
008019
008021
008023
008024
008025
008026
008027
008029
008031
008033
008034
008035
008036
008037
008038
008041
008042
008043
008044
008046
008047
008048
008052
008053
008054
008057
008058
008060
008061
008066
008068
008069
008070
008071
008072
008074
008075
008077
008079
008080
008082
008084
008085
008088
008090
008091
008093
008094
008096
008097
008101
008102
008103
008105
008106
008107
008108
008109
008110
008114
008115
008116
008117
008118
008119
008120
008121
008123
008125
008132
008134
008136
008137
008138
008139
008140
008141
008142
008144
008145
008149
008150
008151
008153
008154
008156
008157
008159
008161
008162
008163
008164
008166
008167
008168
008170
008171
008172
008173
008174
008175
008176
008178
008179
008181
008182
008183
008184
008188
008190
008191
008194
008195
008196
008198
008199
008201
008202
008204
008205
008206
008209
008213
008214
008215
008216
008217
008220
008221
008222
008225
008227
008228
008229
008230
008231
008232
008237
008239
008240
008241
008244
008246
008248
008249
008251
008252
008253
008255
008257
008259
008261
008263
008267
008268
008269
008273
008275
008276
008278
008283
008284
008285
008286
008287
008288
008289
008291
008292
008294
008296
008297
008298
008301
008302
008304
008305
008306
008309
008310
008313
008315
008317
008318
008320
008322
008323
008324
008328
008329
008330
008332
008333
008334
008335
008336
008339
008340
008341
008342
008343
008344
008347
008348
008349
008350
008352
008353
008354
008355
008356
008357
008359
008363
008364
008365
008371
008372
008373
008374
008375
008377
008378
008383
008385
008389
008390
008391
008395
008396
008399
008400
008401
008407
008409
008411
008412
008413
008414
008418
008423
008424
008427
008430
008433
008435
008436
008437
008439
008440
008442
008444
008445
008446
008449
008450
008451
008452
008454
008457
008458
008459
008463
008465
008466
008467
008468
008469
008470
008474
008475
008477
008479
008480
008482
008484
008485
008486
008487
008489
008490
008491
008493
008496
008500
008502
008503
008506
008509
008510
008511
008512
008513
008515
008516
008517
008518
008520
008522
008523
008524
008525
008526
008527
008528
008530
008531
008532
008533
008535
008537
008539
008541
008542
008543
008546
008547
008548
008551
008552
008553
008554
008556
008557
008560
008561
008562
008563
008564
008565
008570
008572
008573
008574
008576
008577
008578
008581
008585
008587
008588
008589
008591
008592
008593
008595
008596
008598
008600
008601
008605
008606
008607
008609
008611
008612
008614
008615
008617
008619
008622
008625
008628
008634
008635
008636
008639
008640
008641
008642
008644
008647
008649
008650
008651
008654
008655
008656
008658
008660
008661
008663
008664
008666
008667
008669
008672
008673
008674
008675
008678
008681
008684
008685
008687
008688
008690
008691
008692
008694
008697
008699
008700
008701
008702
008703
008704
008708
008709
008711
008712
008714
008716
008717
008719
008721
008722
008723
008729
008730
008731
008733
008734
008735
008736
008737
008740
008741
008743
008745
008746
008747
008748
008749
008750
008751
008752
008753
008754
008755
008756
008760
008764
008765
008766
008767
008770
008771
008772
008774
008775
008776
008777
008780
008782
008783
008785
008786
008787
008788
008790
008791
008793
008797
008798
008801
008802
008803
008806
008807
008810
008812
008814
008818
008819
008820
008822
008823
008824
008825
008828
008830
008831
008834
008835
008836
008838
008839
008840
008843
008844
008845
008846
008848
008849
008852
008853
008854
008855
008856
008857
008859
008860
008861
008862
008863
008864
008865
008866
008867
008868
008869
008870
008871
008873
008876
008878
008879
008880
008882
008883
008887
008888
008889
008890
008891
008895
008896
008899
008900
008902
008903
008907
008908
008909
008910
008913
008915
008916
008917
008919
008922
008923
008925
008926
008927
008929
008930
008931
008934
008935
008936
008940
008941
008945
008946
008947
008951
008953
008954
008956
008957
008961
008962
008963
008964
008965
008966
008967
008968
008969
008970
008971
008973
008977
008978
008980
008981
008982
008983
008986
008987
008988
008991
008995
008997
008999
009002
009004
009006
009008
009012
009014
009015
009016
009022
009023
009024
009025
009026
009028
009029
009030
009031
009033
009034
009035
009036
009037
009040
009045
009047
009048
009049
009050
009052
009053
009055
009057
009060
009061
009062
009063
009064
009065
009066
009068
009070
009072
009075
009076
009077
009078
009079
009080
009081
009083
009088
009089
009090
009095
009096
009097
009099
